ISS (ZARYA)             
1 25544U 98067A   24108.78222388  .00025099  00000+0  44091-3 0  9990
2 25544  51.6382 254.9203 0004910  73.2740  75.3001 15.50340837449176
CSS (TIANHE)            
1 48274U 21035A   24108.41396576  .00031885  00000+0  32737-3 0  9991
2 48274  41.4679  94.3751 0006657  16.7237 343.3821 15.64208147169588
ISS (NAUKA)             
1 49044U 21066A   24108.51147166  .00024661  00000+0  43361-3 0  9990
2 49044  51.6383 256.2634 0004847  73.1593   3.2894 15.50325636154910
FREGAT DEB              
1 49271U 11037PF  24108.33628304  .00042470  00000+0  10779+0 0  9998
2 49271  51.6478 162.0898 0951229 353.0947   5.7538 12.13159624127809
CSS (WENTIAN)           
1 53239U 22085A   24108.41396576  .00031885  00000+0  32737-3 0  9994
2 53239  41.4679  94.3751 0006657  16.7237 343.3821 15.64208147 94627
CSS (MENGTIAN)          
1 54216U 22143A   24108.41396576  .00031885  00000+0  32737-3 0  9995
2 54216  41.4679  94.3751 0006657  16.7237 343.3821 15.64208147 82260
ISS DEB                 
1 57212U 98067VP  24108.54825692  .00247725  00000+0  85851-3 0  9999
2 57212  51.6247 225.7520 0004554 322.3764  37.6922 15.88230451 46480
SHENZHOU-17 (SZ-17)     
1 58146U 23164A   24108.41396576  .00031885  00000+0  32737-3 0  9995
2 58146  41.4679  94.3751 0006657  16.7237 343.3821 15.64208147 22888
ISS DEB                 
1 58229U 98067WC  24108.58475267  .00154122  00000+0  11222-2 0  9999
2 58229  51.6323 244.1626 0004114 305.2083  54.8530 15.72306736 26085
PROGRESS-MS 25          
1 58460U 23184A   24108.51147166  .00024661  00000+0  43361-3 0  9995
2 58460  51.6383 256.2634 0004847  73.1593   3.2894 15.50325636 21218
BEAK                    
1 58612U 98067WD  24108.62187872  .00169635  00000+0  13845-2 0  9990
2 58612  51.6334 247.4276 0002896 313.2614  46.8141 15.69530858 18994
TIANZHOU-7              
1 58811U 24013A   24108.41396576  .00031885  00000+0  32737-3 0  9998
2 58811  41.4679  94.3751 0006657  16.7237 343.3821 15.64208147  5642
CYGNUS NG-20            
1 58898U 24021A   24108.51147166  .00024661  00000+0  43361-3 0  9991
2 58898  51.6383 256.2634 0004847  73.1593   3.2894 15.50325636 11920
PROGRESS-MS 26          
1 58961U 24029A   24108.51147166  .00024661  00000+0  43361-3 0  9990
2 58961  51.6383 256.2634 0004847  73.1593   3.2894 15.50325636  9366
CREW DRAGON 8           
1 59097U 24042A   24108.51147166  .00024661  00000+0  43361-3 0  9996
2 59097  51.6383 256.2634 0004847  73.1593   3.2894 15.50325636  6577
DRAGON CRS-30           
1 59287U 24054A   24107.54560979  .00022329  00000+0  39419-3 0  9991
2 59287  51.6392 261.0524 0004804  67.9330  14.3929 15.50274272448989
SOYUZ-MS 25             
1 59294U 24055A   24107.54560979  .00022329  00000+0  39419-3 0  9990
2 59294  51.6392 261.0524 0004804  67.9330  14.3929 15.50274272448987
CURTIS                  
1 59483U 98067WF  24108.62260807  .00102996  00000+0  16754-2 0  9996
2 59483  51.6363 255.6673 0003055 100.7931 259.3403 15.51845702  1031
MICROORBITER-1          
1 59507U 98067WG  24108.62238495  .00084199  00000+0  13773-2 0  9993
2 59507  51.6364 255.6656 0002514 114.6582 245.4670 15.51785704  1043
KASHIWA                 
1 59508U 98067WH  24108.42932642  .00103055  00000+0  16779-2 0  9999
2 59508  51.6359 256.6276 0003052 101.7565 258.3767 15.51819774  1015
